P 0
228.140088   227.898881
220.600523   220.349265
206.742505   206.501298
203.242710   202.677609
201.735620   201.493042
195.492545   195.256363
192.412123   192.157210
190.999139   190.753820
188.706297   188.010540
178.938302   178.694353
175.599769   175.257601
174.161660   173.904006
171.851457   171.395538
168.766466   168.504701
167.101312   166.844115
166.632601   166.385455
165.129622   164.678728
163.872875   163.501014
161.978391   161.747233
160.975643   160.728953
159.924471   159.679152
147.508674   147.254218
145.642970   145.397651
142.336872   142.096578
141.088805   140.850796
138.607291   138.374306
136.808741   136.566619
134.530516   134.293420
133.170526   132.941196
132.418122   132.170062
129.252729   129.014719
128.149478   127.889541
126.757053   126.493460
125.983635   125.530000
121.303385   120.808635
119.005973   118.774359
112.107344   111.867050
103.946943   103.622592
101.016819   100.355325
99.702511   99.476836
98.300949   98.055173
93.801604   93.555371
90.696970   90.454392
81.658080   81.403624
75.568501   75.219938
72.811059   72.568938
70.700036   70.464310
67.504491   67.276532
66.966343   66.726962
65.218501   64.985973
62.551055   62.332233
61.636020   61.389787
60.358716   60.131670
57.579346   57.339509
56.564264   56.078194
55.199248   54.951645
54.530445   54.280101
53.639621   53.264562
50.405247   50.175917
48.333967   47.418475
46.660590   46.414357
43.818177   43.566919
41.027843   40.783438
40.247573   39.994945
39.291879   39.046103
38.646832   38.422070
36.241151   35.993548
25.576394   25.339754
24.834498   24.590549
19.682796   19.441132
18.367118   18.134134
13.858637   13.609663
13.192575   12.952281
5.311299   5.066893
4.160081   3.915675
0.052698   -0.173434
-1.973811   -2.225069
-5.050122   -5.284934
-7.102671   -7.337940
