P 0
218.815221   218.443816
216.383958   216.128131
215.722007   215.456587
214.001575   213.744379
205.617326   205.387083
201.209348   200.755257
198.204760   197.948934
193.174120   192.922405
192.118379   191.878542
191.177304   190.928330
189.622703   189.369618
181.545902   181.311547
179.693446   179.435335
170.110011   169.876570
161.657694   161.413745
159.685548   159.433833
158.160640   157.896134
153.370750   153.132284
149.546605   149.084747
145.690937   145.449730
140.350107   140.119407
130.657033   130.391156
129.962190   129.721439
129.489368   129.131668
127.154497   126.920142
126.493917   126.248598
124.783079   124.547810
120.973095   120.729146
117.177729   116.915964
115.894943   115.645970
113.776611   113.215620
109.366348   109.119659
106.630378   106.371811
103.484628   103.225604
101.469083   101.218282
100.225585   99.993057
93.448929   93.204981
91.567693   91.326942
83.016700   82.770467
82.537026   82.292163
81.354286   81.119931
79.199406   78.602326
77.373446   77.145487
73.292561   73.051810
67.689509   67.348712
62.304823   62.059960
59.720064   59.469719
52.415310   52.178671
48.743289   46.896772
34.946944   34.708021
33.213265   32.664152
25.204989   24.950076
16.150566   15.899308
15.496839   14.686418
7.609167   7.277963
0.710537   0.037623
-2.163853   -2.416025
-3.911238   -4.152446
-4.403247   -4.907590
-6.978412   -7.220077
