##TITLE= Parameter file, TopSpin 4.1.4
##JCAMPDX= 5.0
##DATATYPE= Parameter Values
##NPOINTS= 1	$$ modification sequence number
##ORIGIN= Bruker BioSpin GmbH
##OWNER= nmr
$$ 2024-03-19 03:14:19.234 +0100  nmr@CZC8327R47
$$ E:/NMRdata/Hermans/lab423/user2/SA compound 22 fullchar/5/pdata/1/clevels
$$ process C:\Bruker\TopSpin4.1.4\prog\mod\xwish3.exe
##$LEVELS= (0..255)
-61677751337.1935 -44055545163.7605 -31468251642.1451 -22477322601.5322
-16055235526.2678 -11468017731.0027 -8191442935.2978 -5851029818.75512
-4179306376.29579 -2985219052.58668 -2132298898.57636 -1523071066.51461
1523071066.51461 2132298898.57636 2985219052.58668 4179306376.29579 5851029818.75512
8191442935.2978 11468017731.0027 16055235526.2678 22477322601.5322 31468251642.1451
44055545163.7605 61677751337.1935 0 0 0 0 0 0 0 0 0 0 0 0 0 0 0 0 0 0 0
0 0 0 0 0 0 0 0 0 0 0 0 0 0 0 0 0 0 0 0 0 0 0 0 0 0 0 0 0 0 0 0 0 0 0 0
0 0 0 0 0 0 0 0 0 0 0 0 0 0 0 0 0 0 0 0 0 0 0 0 0 0 0 0 0 0 0 0 0 0 0 0
0 0 0 0 0 0 0 0 0 0 0 0 0 0 0 0 0 0 0 0 0 0 0 0 0 0 0 0 0 0 0 0 0 0 0 0
0 0 0 0 0 0 0 0 0 0 0 0 0 0 0 0 0 0 0 0 0 0 0 0 0 0 0 0 0 0 0 0 0 0 0 0
0 0 0 0 0 0 0 0 0 0 0 0 0 0 0 0 0 0 0 0 0 0 0 0 0 0 0 0 0 0 0 0 0 0 0 0
0 0 0 0 0 0 0 0 0 0 0 0 0 0 0 0 0 0 0 0 0 0 0 0 0 0 0 0 0 0 0 0 0
##$LEVSIGN= 3
##$MAXLEV= 12
##$METHOD= 0
##$NEGBASE= -10245960000
##$NEGINCR= 1.4
##$POSBASE= 10245960000
##$POSINCR= 1.4
##END=
