##TITLE= Parameter file, TopSpin 4.1.4
##JCAMPDX= 5.0
##DATATYPE= Parameter Values
##NPOINTS= 9	$$ modification sequence number
##ORIGIN= Bruker BioSpin GmbH
##OWNER= nmrsu
$$ 2023-12-08 18:47:00.694 +0100  nmrsu@CZC8327R47
$$ E:/NMRdata/Hermans/lab423/user2/SA02-224-1  precipitate after washing/2/acqus
$$ process C:\Bruker\TopSpin4.1.4\prog\mod\xwish3.exe
##$ACQT0= -1.70581753891579
##$AMP= (0..31)
100 100 100 100 100 100 100 100 100 100 100 100 100 100 100 100 100 100
100 100 100 100 100 100 100 100 100 100 100 100 100 100
##$AMPCOIL= (0..32)
-1 0 0 0 0 0 0 0 0 0 0 0 0 0 0 0 0 0 0 0 0 0 0 0 0 0 0 0 0 0 0 0 0
##$AQSEQ= 0
##$AQ_mod= 3
##$AUNM= <au_zg>
##$AUTOPOS= <1 >
##$BF1= 125.757789
##$BF2= 500.13
##$BF3= 500.13
##$BF4= 500.13
##$BF5= 500.13
##$BF6= 500.13
##$BF7= 500.13
##$BF8= 500.13
##$BWFAC= (0..63)
0 0 0 0 0 0 0 0 0 0 0 0 0 0 0 0 0 0 0 0 0 0 0 0 0 0 0 0 0 0 0 0 0 0 0 0
0 0 0 0 0 0 0 0 0 0 0 0 0 0 0 0 0 0 0 0 0 0 0 0 0 0 0 0
##$BYTORDA= 0
##$CHANFCU= (0..24)
0 2 1 0 0 0 0 0 0 0 0 0 0 0 0 0 0 0 0 0 0 0 0 0 0
##$CHANREC= (0..24)
0 2 1 0 0 0 0 0 0 0 0 0 0 0 0 0 0 0 0 0 0 0 0 0 0
##$CHEMSTR= <none>
##$CNST= (0..63)
1 1 150 1 1 1 1 1 1 1 1 1 1 1 1 1 1 1 1 1 1 1 1 1 1 1 1 1 1 1 1 1 1 1 1
1 1 1 1 1 1 1 1 1 1 1 1 1 1 1 1 1 1 1 1 1 1 1 1 1 1 1 1 1
##$CPDPRG= (0..8)
<> <> <waltz64> <> <> <> <> <> <>
##$D= (0..63)
0 1 0 0 0 0 0 0 0 0 0 0.03 0 0 0 0 0.0002 0 0 0 0 0 0 0 0 0 0 0 0.8 0 0
0 0 0 0 0 0 0 0 0 0 0 0 0 0 0 0 0 0 0 0 0 0 0 0 0 0 0 0 0 0 0 0 0
##$DATE= 1702057622
##$DATE_START= 1702056322
##$DE= 19.04418
##$DE1= 4.5
##$DE2= 2
##$DEADC= 0.5
##$DECBNUC= <off>
##$DECIM= 664
##$DECNUC= <off>
##$DECSTAT= 4
##$DEPA= 4.5
##$DERX= 1.5
##$DIGMOD= 3
##$DIGTYP= 17
##$DR= 32
##$DS= 0
##$DSPFIRM= 4
##$DSPFVS= 21
##$DTYPA= 2
##$EXP= <C13_21min_256scans>
##$ExpStatus= 4
##$FCUCHAN= (0..9)
0 2 1 0 0 0 0 0 0 0
##$FILCOR= 0
##$FL1= 0
##$FL2= 0
##$FL3= 0
##$FL4= 0
##$FN_INDIRECT= (0..7)
0 0 0 0 0 0 0 0
##$FOV= 0
##$FQ1LIST= <>
##$FQ2LIST= <>
##$FQ3LIST= <>
##$FQ4LIST= <>
##$FQ5LIST= <>
##$FQ6LIST= <>
##$FQ7LIST= <>
##$FQ8LIST= <>
##$FS= (0..7)
83 83 83 83 83 83 83 83
##$FTLPGN= 0
##$FW= 2.4e+08
##$FnILOOP= 0
##$FnMODE= 0
##$FnTYPE= 0
##$GPNAM= (0..31)
<> <SMSQ10.100> <SMSQ10.100> <SMSQ10.100> <> <> <> <> <> <> <> <> <> <>
<> <> <> <> <> <> <> <> <> <> <> <> <> <> <> <> <> <>
##$GPX= (0..31)
0 0 0 0 0 0 0 0 0 0 0 0 0 0 0 0 0 0 0 0 0 0 0 0 0 0 0 0 0 0 0 0
##$GPY= (0..31)
0 0 0 0 0 0 0 0 0 0 0 0 0 0 0 0 0 0 0 0 0 0 0 0 0 0 0 0 0 0 0 0
##$GPZ= (0..31)
0 31 31 31 0 0 0 0 0 0 0 0 0 0 0 0 0 0 0 0 0 0 0 0 0 0 0 0 0 0 0 0
##$GRPDLY= 76
##$HDDUTY= 20
##$HDRATE= 1
##$HGAIN= (0..3)
0 0 0 0
##$HL1= 0
##$HL2= 0
##$HL3= 0
##$HL4= 0
##$HOLDER= 1
##$HPMOD= (0..32)
0 0 0 0 0 0 0 0 0 0 0 0 0 0 0 0 0 0 0 0 0 0 0 0 0 0 0 0 0 0 0 0 0
##$HPPRGN= 0
##$IN= (0..63)
0 0 0 0 0 0 0 0 0 0 0 0 0 0 0 0 0 0 0 0 0 0 0 0 0 0 0 0 0 0 0 0 0 0 0 0
0 0 0 0 0 0 0 0 0 0 0 0 0 0 0 0 0 0 0 0 0 0 0 0 0 0 0 0
##$INF= (0..7)
0 0 0 0 0 0 0 0
##$INP= (0..63)
0 0 0 0 0 0 0 0 0 0 0 0 0 0 0 0 0 0 0 0 0 0 0 0 0 0 0 0 0 0 0 0 0 0 0 0
0 0 0 0 0 0 0 0 0 0 0 0 0 0 0 0 0 0 0 0 0 0 0 0 0 0 0 0
##$INSTRUM= <Avance NEO 500>
##$INTEGFAC= (0..63)
0 0 0 0 0 0 0 0 0 0 0 0 0 0 0 0 0 0 0 0 0 0 0 0 0 0 0 0 0 0 0 0 0 0 0 0
0 0 0 0 0 0 0 0 0 0 0 0 0 0 0 0 0 0 0 0 0 0 0 0 0 0 0 0
##$L= (0..31)
1 1 1 1 1 1 1 1 1 1 1 1 1 1 1 1 1 1 1 1 1 1 1 1 1 1 1 1 1 1 1 1
##$LFILTER= 176.77799987793
##$LGAIN= 1.34108996391296
##$LINPSTP= 0
##$LOCKED= yes
##$LOCKFLD= 7900
##$LOCKGN= 106.279121398926
##$LOCKPOW= -35
##$LOCKPPM= 3.29999995231628
##$LOCNUC= <2H>
##$LOCPHAS= 25.67381
##$LOCSHFT= yes
##$LOCSW= 0
##$LTIME= 0.207259997725487
##$MASR= 5000
##$MULEXPNO= (0..15)
0 0 0 0 0 0 0 0 0 0 0 0 0 0 0 0
##$NBL= 1
##$NC= 0
##$NLOGCH= 2
##$NOVFLW= 0
##$NS= 256
##$NUC1= <13C>
##$NUC2= <1H>
##$NUC3= <off>
##$NUC4= <off>
##$NUC5= <off>
##$NUC6= <off>
##$NUC7= <off>
##$NUC8= <off>
##$NUCLEUS= <off>
##$NUSLIST= <automatic>
##$NusAMOUNT= 100
##$NusFPNZ= no
##$NusJSP= 0
##$NusSEED= 54321
##$NusSPTYPE= 0
##$NusT2= 1
##$NusTD= 0
##$O1= 13833.35679
##$O2= 3250.845
##$O3= 3088.3
##$O4= 3088.3
##$O5= 3088.3
##$O6= 3088.3
##$O7= 3088.3
##$O8= 3088.3
##$OVERFLW= 0
##$P= (0..63)
3.333333 10 20 12 24 16.5 25 50 420 30 60 40000 40000 2000 0 0 1000 2000
500 600 2500 0 0 0 1000 0 500 10 0 2000 0 0 4440 0 0 0 80000 0 0 2040 4000
0 0 10000 888 0 40000 1260 2400 3120 2520 0 1895 20000 420 0 0 0 0 0 0
0 0 1680
##$PACOIL= (0..32)
2 3 1 0 0 0 0 0 0 0 0 0 0 0 0 0 0 0 0 0 0 0 0 0 0 0 0 0 0 0 0 0 0
##$PAPS= 0
##$PARMODE= 0
##$PCPD= (0..9)
0 70 80 0 0 0 0 0 0 0
##$PEXSEL= (0..9)
1 1 1 1 1 1 1 1 1 1
##$PHCOR= (0..31)
0 0 0 0 0 0 0 0 0 0 0 0 0 0 0 0 0 0 0 0 0 0 0 0 0 0 0 0 0 0 0 0
##$PHLIST= <>
##$PH_ref= 0
##$PL= (0..63)
120 120 120 120 120 120 120 120 120 120 120 120 120 120 120 120 120 120
120 120 120 120 120 120 120 120 120 120 120 120 120 120 120 120 120 120
120 120 120 120 120 120 120 120 120 120 120 120 120 120 120 120 120 120
120 120 120 120 120 120 120 120 120 120
##$PLSTEP= 0.1
##$PLSTRT= -6
##$PLW= (0..63)
0 62.625 13.178 0 0 0 0 0 0 0 10.02 0.4008 0.29651 0.14914 0 2.1085 0 0
62.625 1.2781 0 7.5908e-05 0 0 0.0012145 0 0.074126 0 0 10.02 0.29651 1.186
0 0 0 0 0 0 0 0 0 0 0 0 0 0 0 0 0 0 0 0 0 0 0 0 0 0 0 0 0 0 0 0
##$PLWMAX= (0..7)
543.605 94.76798 0 0 0 0 0 0
##$PQPHASE= 0
##$PQSCALE= 1
##$PR= 1
##$PRECHAN= (0..32)
-1 2 -1 0 1 -1 -1 -1 -1 -1 -1 -1 -1 -1 -1 -1 -1 -1 -1 -1 -1 -1 -1 -1 -1
-1 -1 -1 -1 -1 -1 -1 -1
##$PROBHD= <Z149001_0020 (CPP BBO 500S1 BB-H&F-D-05 Z)>
##$PROBINPUTS= (0..15)
<31P-77Se/10B-35Cl> <1H/19F> <2H> <> <> <> <> <> <> <> <> <> <> <> <> <>
##$PULPROG= <zgpg30>
##$PW= 0
##$PYNM= <>
##$ProjAngle= 0
##$QNP= 0
##$RECCHAN= (0..9)
0 2 1 0 0 0 0 0 0 0
##$RECPH= 0
##$RECPRE= (0..24)
-1 0 2 -1 -1 -1 -1 -1 -1 -1 -1 -1 -1 -1 -1 -1 -1 -1 -1 -1 -1 -1 -1 -1 -1
##$RECPRFX= (0..32)
1 0 1 0 0 0 0 0 0 0 0 0 0 0 0 0 0 0 0 0 0 0 0 0 0 0 0 0 0 0 0 0 0
##$RECSEL= (0..24)
0 1 2 0 0 0 0 0 0 0 0 0 0 0 0 0 0 0 0 0 0 0 0 0 0
##$RG= 101
##$RO= 0
##$RSEL= (0..24)
0 1 2 0 0 0 0 0 0 0 0 0 0 0 0 0 0 0 0 0 0 0 0 0 0
##$SAMPLEID= <>
##$SELREC= (0..24)
0 0 0 0 0 0 0 0 0 0 0 0 0 0 0 0 0 0 0 0 0 0 0 0 0
##$SFO1= 125.77162235679
##$SFO2= 500.133250845
##$SFO3= 500.1330883
##$SFO4= 500.1330883
##$SFO5= 500.1330883
##$SFO6= 500.1330883
##$SFO7= 500.1330883
##$SFO8= 500.1330883
##$SHAPPR= (0..15)
1 1 1 1 1 1 1 1 1 1 1 1 1 1 1 1
##$SOLVENT= <MeOD>
##$SOLVOLD= <off>
##$SP= (0..63)
120 120 120 120 120 120 120 120 120 120 120 120 120 120 120 120 120 120
120 120 120 120 120 120 120 120 120 120 120 120 120 120 120 120 120 120
120 120 120 120 120 120 120 120 120 120 120 120 120 120 120 120 120 120
120 120 120 120 120 120 120 120 120 120
##$SPECTR= 0
##$SPINCNT= 0
##$SPNAM= (0..63)
<> <Q5.1000> <Q3_surbop.1> <0.0> <Eburp2tr.1000> <Crp60comp.4> <Crp60,0.5,20.1>
<Sinc1.1000> <Crp60,0.5,20.1> <> <Crp60comp.4> <Crp60comp.4> <> <> <Eburp2.1000>
<> <> <> <0.0> <Q5tr_sebop.1> <Q5tr_sebop.1> <Q5tr_sebop.1> <Q5tr_sebop.1>
<> <> <> <Gaus1_180r.1000> <> <> <Q5tr.1000> <Q3_surbop.1> <Reburp.1000>
<Q3.1000> <Q5_sebop.1> <Q3_surbop.1> <Q3_surbop.1> <Q5.1000> <Q3_rna_c68c1.1>
<> <> <Q3_surbop.1> <Crp60,0.5,20.1> <> <> <Crp60,20,20.10> <> <Crp60_xfilt.2>
<> <> <> <> <> <> <> <> <> <> <> <> <0.0> <0.0> <0.0> <> <>
##$SPOAL= (0..63)
0.5 1 0.5 0.5 0 0.5 0.5 0.5 0.5 0.5 0.5 0.5 0.5 0.5 1 0.5 0.5 0.5 0.5 0
0 0 0 0.5 0.5 0.5 0.5 0.5 0.5 0 0.5 0.5 0.5 1 0.5 0.5 1 0.5 0.5 0.5 0.5
0.5 0.5 0.5 0.5 0.5 0.5 0.5 0.5 0.5 0.5 0.5 0.5 0.5 0.5 0.5 0.5 0.5 0.5
0.5 0.5 0.5 0.5 0.5
##$SPOFFS= (0..63)
0 0 0 0 0 0 0 0 0 0 0 0 0 0 0 0 0 0 0 0 0 0 0 0 0 0 0 0 0 0 0 0 0 0 0 0
0 0 0 0 0 0 0 0 0 0 0 0 0 0 0 0 0 0 0 0 0 0 0 0 0 0 0 0
##$SPPEX= (0..63)
0 0 0 0 0 0 0 0 0 0 0 0 0 0 0 0 0 0 0 0 0 0 0 0 0 0 0 0 0 0 0 0 0 0 0 0
0 0 0 0 0 0 0 0 0 0 0 0 0 0 0 0 0 0 0 0 0 0 0 0 0 0 0 0
##$SPW= (0..63)
0 0.0013173 0.0010785 0 0.13242 9.5684 0 0.0054718 9.5684 0 9.5684 9.5684
0 0 0.13242 0 0 0 0 12.94863 20.12823 9.398457 50.6851 0 0 0 7.0017e-06
0 0 0.10691 2.1884 0.4055 0.0033081 15.849 1.0869 0.0010785 0.36591 0.44859
0 0 0.27173 9.5684 0 0 0.072484 0 2.3048 0 0 0 0 0 0 0 0 0 0 0 0 0 0 0
0 0
##$SUBNAM= (0..9)
<> <> <> <> <> <> <> <> <> <>
##$SW= 239.485516393076
##$SWIBOX= (0..32)
0 3 1 0 0 0 0 0 0 0 0 0 0 0 0 0 0 0 0 0 0 0 0 0 0 0 0 0 0 0 0 0 0
##$SW_h= 30120.4819277108
##$SWfinal= 0
##$SigLockShift= 0
##$TD= 240962
##$TD0= 1
##$TD_INDIRECT= (0..7)
0 0 0 0 0 0 0 0
##$TDav= 1
##$TE= 295.9998
##$TE1= 296.8755
##$TE2= 0
##$TE3= 0
##$TE4= 0
##$TEG= 300
##$TE_MAGNET= 0
##$TE_PIDX= 1
##$TE_RAW= 296.8755
##$TE_STAB= (0..9)
2 2 0 0 0 0 0 0 0 0
##$TOTROT= (0..63)
0 0 0 0 0 0 0 0 0 0 0 0 0 0 0 0 0 0 0 0 0 0 0 0 0 0 0 0 0 0 0 0 0 0 0 0
0 0 0 0 0 0 0 0 0 0 0 0 0 0 0 0 0 0 0 0 0 0 0 0 0 0 0 0
##$TUBE_TYPE= <>
##$USERA1= <>
##$USERA10= <>
##$USERA2= <>
##$USERA3= <>
##$USERA4= <>
##$USERA5= <>
##$USERA6= <>
##$USERA7= <>
##$USERA8= <>
##$USERA9= <>
##$UUID= <b891387f-df4e-4cd3-979d-903636007cdd>
##$V9= 5
##$VALIDCODE= -1
##$VALIST= <>
##$VCLIST= <>
##$VDLIST= <>
##$VPLIST= <>
##$VTLIST= <>
##$WAVEMAKER= (0..7)
<> <> <> <> <> <> <> <>
##$WBST= 1024
##$WBSW= (0..7)
4 10 10 10 10 10 10 10
##$XGAIN= (0..3)
0 0 0 0
##$XL= 0
##$YL= 0
##$YMAX_a= 311477458.09375
##$YMIN_a= -314151852.234375
##$ZGOPTNS= <>
##$ZL1= 120
##$ZL2= 120
##$ZL3= 120
##$ZL4= 120
##$scaledByNS= no
##$scaledByRG= no
##$shimCoilTempK= 300.15
##END=
